checksum=418C28F7C79C3A4706C6D21B366FC3D91F0F6BE6

[config]
ip = 192.168.0.76
port = 1670
channels = 128
amplifierCount = 8
generatorCount = 8
mechanicsCount = 1
minVoltages = 4.5 | 3.0 |  9.3 | -13.0 | 25.0
maxVoltages = 6.5 | 4.3 | 13.0 |  -9.3 | 35.0

[backpanel]
SNT.mask = 1111111111111111-1111111111111111-1111111111111111-1111111111111111-1111111111111111-1111111111111111-1111111111111111-1111111111111111
AMP.mask = 1111111111111111-1111111111111111-1111111111111111-1111111111111111-1111111111111111-1111111111111111-1111111111111111-1111111111111111

[amplifier]
; AMP_0003-002-001
version = 3.2.12.1
type = 2
measures = 4
maxPower = 10

[coeffs0]
frequency = 1000000
c0 = 0.1 | 0
c1 = 0.00293 | 0
c2 = 0.0261 | -3.805
c3 = 0.02513 | -5.4008
